/*--------------------------------*- C++ -*----------------------------------*\
| =========                 |                                                 |
| \\      /  F ield         | OpenFOAM: The Open Source CFD Toolbox           |
|  \\    /   O peration     | Version:  4.1                                   |
|   \\  /    A nd           | Web:      www.OpenFOAM.org                      |
|    \\/     M anipulation  |                                                 |
\*---------------------------------------------------------------------------*/
FoamFile
{
    version     2.0;
    format      ascii;
    class       volScalarField;
    location    "0";
    object      e;
}
// * * * * * * * * * * * * * * * * * * * * * * * * * * * * * * * * * * * * * //

dimensions      [0 2 -2 0 0 0 0];

internalField   nonuniform List<scalar> 
1000
(
4.92245e+06
4.92245e+06
4.92245e+06
4.92245e+06
4.92245e+06
4.92245e+06
4.92245e+06
4.92245e+06
4.92245e+06
4.92245e+06
4.92245e+06
4.92245e+06
4.92245e+06
4.92245e+06
4.92245e+06
4.92245e+06
4.92245e+06
4.92245e+06
4.92245e+06
4.92245e+06
4.92245e+06
4.92245e+06
4.92245e+06
4.92245e+06
4.92245e+06
4.92245e+06
4.92245e+06
4.92245e+06
4.92245e+06
4.92245e+06
4.92245e+06
4.92245e+06
4.92245e+06
4.92245e+06
4.92245e+06
4.92245e+06
4.92245e+06
4.92245e+06
4.92245e+06
4.92245e+06
4.92245e+06
4.92245e+06
4.92245e+06
4.92245e+06
4.92245e+06
4.92245e+06
4.92245e+06
4.92245e+06
4.92245e+06
4.92245e+06
4.92245e+06
4.92245e+06
4.92245e+06
4.92245e+06
4.92245e+06
4.92245e+06
4.92245e+06
4.92245e+06
4.92245e+06
4.92245e+06
4.92245e+06
4.92245e+06
4.92245e+06
4.92245e+06
4.92245e+06
4.92245e+06
4.92245e+06
4.92245e+06
4.92245e+06
4.92245e+06
4.92245e+06
4.92245e+06
4.92245e+06
4.92245e+06
4.92245e+06
4.92245e+06
4.92245e+06
4.92245e+06
4.92245e+06
4.92245e+06
4.92245e+06
4.92245e+06
4.92245e+06
4.92245e+06
4.92245e+06
4.92245e+06
4.92245e+06
4.92245e+06
4.92245e+06
4.92245e+06
4.92245e+06
4.92245e+06
4.92245e+06
4.92245e+06
4.92245e+06
4.92245e+06
4.92245e+06
4.92245e+06
4.92245e+06
4.92245e+06
4.92245e+06
4.92245e+06
4.92245e+06
4.92245e+06
4.92245e+06
4.92245e+06
4.92245e+06
4.92245e+06
4.92245e+06
4.92245e+06
4.92245e+06
4.92245e+06
4.92245e+06
4.92245e+06
4.92245e+06
4.92245e+06
4.92245e+06
4.92245e+06
4.92245e+06
4.92245e+06
4.92245e+06
4.92245e+06
4.92245e+06
4.92245e+06
4.92245e+06
4.92245e+06
4.92245e+06
4.92245e+06
4.92245e+06
4.92245e+06
4.92245e+06
4.92245e+06
4.92245e+06
4.92245e+06
4.92245e+06
4.92245e+06
4.92245e+06
4.92245e+06
4.92245e+06
4.92245e+06
4.92245e+06
4.92245e+06
4.92245e+06
4.92245e+06
4.92245e+06
4.92245e+06
4.92245e+06
4.92245e+06
4.92245e+06
4.92245e+06
4.92245e+06
4.92245e+06
4.92245e+06
4.92245e+06
4.92245e+06
4.92245e+06
4.92245e+06
4.92245e+06
4.92245e+06
4.92245e+06
4.92245e+06
4.92245e+06
4.92245e+06
4.92245e+06
4.92245e+06
4.92245e+06
4.92245e+06
4.92245e+06
4.92245e+06
4.92245e+06
4.92245e+06
4.92245e+06
4.92245e+06
4.92245e+06
4.92245e+06
4.92245e+06
4.92245e+06
4.92245e+06
4.92245e+06
4.92245e+06
4.92245e+06
4.92245e+06
4.92245e+06
4.92245e+06
4.92245e+06
4.92245e+06
4.92245e+06
4.92245e+06
4.92245e+06
4.92245e+06
4.92245e+06
4.92245e+06
4.92245e+06
4.92245e+06
4.92245e+06
4.92245e+06
4.92245e+06
4.92245e+06
4.92245e+06
4.92245e+06
4.92245e+06
4.92245e+06
4.92245e+06
4.92245e+06
4.92245e+06
4.92245e+06
4.92245e+06
4.92245e+06
4.92245e+06
4.92245e+06
4.92245e+06
4.92245e+06
4.92245e+06
4.92245e+06
4.92245e+06
4.92245e+06
4.92245e+06
4.92245e+06
4.92245e+06
4.92245e+06
4.92245e+06
4.92245e+06
4.92245e+06
4.92245e+06
4.92245e+06
4.92245e+06
4.92245e+06
4.92245e+06
4.92245e+06
4.92245e+06
4.92245e+06
4.92245e+06
4.92245e+06
4.92245e+06
4.92245e+06
4.92245e+06
4.92245e+06
4.92245e+06
4.92245e+06
4.92245e+06
4.92245e+06
4.92245e+06
4.92245e+06
4.92245e+06
4.92245e+06
4.92245e+06
4.92245e+06
4.92245e+06
4.92245e+06
4.92245e+06
4.92245e+06
4.92245e+06
4.92245e+06
4.92245e+06
4.92245e+06
4.92245e+06
4.92245e+06
4.92245e+06
4.92245e+06
4.92245e+06
4.92245e+06
4.92245e+06
4.92245e+06
4.92245e+06
4.92245e+06
4.92245e+06
4.92245e+06
4.92245e+06
4.92245e+06
4.92245e+06
4.92245e+06
4.92245e+06
4.92245e+06
4.92245e+06
4.92245e+06
4.92245e+06
4.92245e+06
4.92245e+06
4.92245e+06
4.92245e+06
4.92245e+06
4.92245e+06
4.92245e+06
4.92245e+06
4.92245e+06
4.92245e+06
4.92245e+06
4.92245e+06
4.92245e+06
4.92245e+06
4.92245e+06
4.92245e+06
4.92245e+06
4.92245e+06
4.92245e+06
4.92245e+06
4.92245e+06
4.92245e+06
4.92245e+06
4.92245e+06
4.92245e+06
4.92245e+06
4.92245e+06
4.92245e+06
4.92245e+06
4.92245e+06
4.92245e+06
4.92245e+06
4.92245e+06
4.92245e+06
4.92245e+06
4.92245e+06
4.92245e+06
4.92245e+06
4.92245e+06
4.92245e+06
4.92245e+06
4.92245e+06
4.92245e+06
4.92245e+06
4.92245e+06
4.92245e+06
4.92245e+06
4.92245e+06
4.92245e+06
4.92245e+06
4.92245e+06
4.92245e+06
4.92245e+06
4.92245e+06
4.92245e+06
4.92245e+06
4.92245e+06
4.92245e+06
4.92245e+06
4.92245e+06
4.92245e+06
4.92245e+06
4.92245e+06
4.92245e+06
4.92245e+06
4.92245e+06
4.92245e+06
4.92245e+06
4.92245e+06
4.92245e+06
4.92245e+06
4.92245e+06
4.92245e+06
4.92245e+06
4.92245e+06
4.92245e+06
4.92245e+06
4.92245e+06
4.92245e+06
4.92245e+06
4.92245e+06
4.92245e+06
4.92245e+06
4.92245e+06
4.92245e+06
4.92245e+06
4.92245e+06
4.92245e+06
4.92245e+06
4.92245e+06
4.92245e+06
4.92245e+06
4.92245e+06
4.92245e+06
4.92245e+06
4.92245e+06
4.92245e+06
4.92245e+06
4.92245e+06
4.92245e+06
4.92245e+06
4.92245e+06
4.92245e+06
4.92245e+06
4.92245e+06
4.92245e+06
4.92245e+06
4.92245e+06
4.92245e+06
4.92245e+06
4.92245e+06
4.92245e+06
4.92245e+06
4.92245e+06
4.92245e+06
4.92245e+06
4.92245e+06
4.92245e+06
4.92245e+06
4.92245e+06
4.92245e+06
4.92245e+06
4.92245e+06
4.92245e+06
4.92245e+06
4.92245e+06
4.92245e+06
4.92245e+06
4.92245e+06
4.92245e+06
4.92245e+06
4.92245e+06
4.92245e+06
4.92245e+06
4.92245e+06
4.92245e+06
4.92245e+06
4.92245e+06
4.92245e+06
4.92245e+06
4.92245e+06
4.92245e+06
4.92245e+06
4.92245e+06
4.92245e+06
4.92245e+06
4.92245e+06
4.92245e+06
4.92245e+06
4.92245e+06
4.92245e+06
4.92245e+06
4.92245e+06
4.92245e+06
4.92245e+06
4.92245e+06
4.92245e+06
4.92245e+06
4.92245e+06
4.92245e+06
4.92245e+06
4.92245e+06
4.92245e+06
4.92245e+06
4.92245e+06
4.92245e+06
4.92245e+06
4.92245e+06
4.92245e+06
4.92245e+06
4.92245e+06
4.92245e+06
4.92245e+06
4.92245e+06
4.92245e+06
4.92245e+06
4.92245e+06
4.92245e+06
4.92245e+06
4.92245e+06
4.92245e+06
4.92245e+06
4.92245e+06
4.92245e+06
4.92245e+06
4.92245e+06
4.92245e+06
4.92245e+06
4.92245e+06
4.92245e+06
4.92245e+06
4.92245e+06
4.92245e+06
4.92245e+06
4.92245e+06
4.92245e+06
4.92245e+06
4.92245e+06
4.92245e+06
4.92245e+06
4.92245e+06
4.92245e+06
4.92245e+06
4.92245e+06
4.92245e+06
4.92245e+06
4.92245e+06
4.92245e+06
4.92245e+06
4.92245e+06
4.92245e+06
4.92245e+06
4.92245e+06
4.92245e+06
4.92245e+06
4.92245e+06
4.92245e+06
4.92245e+06
4.92245e+06
4.92245e+06
4.92245e+06
4.92245e+06
4.92245e+06
4.92245e+06
4.93824e+06
4.93824e+06
4.93824e+06
4.93824e+06
4.93824e+06
4.93824e+06
4.93824e+06
4.93824e+06
4.93824e+06
4.93824e+06
4.93824e+06
4.93824e+06
4.93824e+06
4.93824e+06
4.93824e+06
4.93824e+06
4.93824e+06
4.93824e+06
4.93824e+06
4.93824e+06
4.93824e+06
4.93824e+06
4.93824e+06
4.93824e+06
4.93824e+06
4.93824e+06
4.93824e+06
4.93824e+06
4.93824e+06
4.93824e+06
4.93824e+06
4.93824e+06
4.93824e+06
4.93824e+06
4.93824e+06
4.93824e+06
4.93824e+06
4.93824e+06
4.93824e+06
4.93824e+06
4.93824e+06
4.93824e+06
4.93824e+06
4.93824e+06
4.93824e+06
4.93824e+06
4.93824e+06
4.93824e+06
4.93824e+06
4.93824e+06
4.93824e+06
4.93824e+06
4.93824e+06
4.93824e+06
4.93824e+06
4.93824e+06
4.93824e+06
4.93824e+06
4.93824e+06
4.93824e+06
4.93824e+06
4.93824e+06
4.93824e+06
4.93824e+06
4.93824e+06
4.93824e+06
4.93824e+06
4.93824e+06
4.93824e+06
4.93824e+06
4.93824e+06
4.93824e+06
4.93824e+06
4.93824e+06
4.93824e+06
4.93824e+06
4.93824e+06
4.93824e+06
4.93824e+06
4.93824e+06
4.93824e+06
4.93824e+06
4.93824e+06
4.93824e+06
4.93824e+06
4.93824e+06
4.93824e+06
4.93824e+06
4.93824e+06
4.93824e+06
4.93824e+06
4.93824e+06
4.93824e+06
4.93824e+06
4.93824e+06
4.93824e+06
4.93824e+06
4.93824e+06
4.93824e+06
4.93824e+06
4.93824e+06
4.93824e+06
4.93824e+06
4.93824e+06
4.93824e+06
4.93824e+06
4.93824e+06
4.93824e+06
4.93824e+06
4.93824e+06
4.93824e+06
4.93824e+06
4.93824e+06
4.93824e+06
4.93824e+06
4.93824e+06
4.93824e+06
4.93824e+06
4.93824e+06
4.93824e+06
4.93824e+06
4.93824e+06
4.93824e+06
4.93824e+06
4.93824e+06
4.93824e+06
4.93824e+06
4.93824e+06
4.93824e+06
4.93824e+06
4.93824e+06
4.93824e+06
4.93824e+06
4.93824e+06
4.93824e+06
4.93824e+06
4.93824e+06
4.93824e+06
4.93824e+06
4.93824e+06
4.93824e+06
4.93824e+06
4.93824e+06
4.93824e+06
4.93824e+06
4.93824e+06
4.93824e+06
4.93824e+06
4.93824e+06
4.93824e+06
4.93824e+06
4.93824e+06
4.93824e+06
4.93824e+06
4.93824e+06
4.93824e+06
4.93824e+06
4.93824e+06
4.93824e+06
4.93824e+06
4.93824e+06
4.93824e+06
4.93824e+06
4.93824e+06
4.93824e+06
4.93824e+06
4.93824e+06
4.93824e+06
4.93824e+06
4.93824e+06
4.93824e+06
4.93824e+06
4.93824e+06
4.93824e+06
4.93824e+06
4.93824e+06
4.93824e+06
4.93824e+06
4.93824e+06
4.93824e+06
4.93824e+06
4.93824e+06
4.93824e+06
4.93824e+06
4.93824e+06
4.93824e+06
4.93824e+06
4.93824e+06
4.93824e+06
4.93824e+06
4.93824e+06
4.93824e+06
4.93824e+06
4.93824e+06
4.93824e+06
4.93824e+06
4.93824e+06
4.93824e+06
4.93824e+06
4.93824e+06
4.93824e+06
4.93824e+06
4.93824e+06
4.93824e+06
4.93824e+06
4.93824e+06
4.93824e+06
4.93824e+06
4.93824e+06
4.93824e+06
4.93824e+06
4.93824e+06
4.93824e+06
4.93824e+06
4.93824e+06
4.93824e+06
4.93824e+06
4.93824e+06
4.93824e+06
4.93824e+06
4.93824e+06
4.93824e+06
4.93824e+06
4.93824e+06
4.93824e+06
4.93824e+06
4.93824e+06
4.93824e+06
4.93824e+06
4.93824e+06
4.93824e+06
4.93824e+06
4.93824e+06
4.93824e+06
4.93824e+06
4.93824e+06
4.93824e+06
4.93824e+06
4.93824e+06
4.93824e+06
4.93824e+06
4.93824e+06
4.93824e+06
4.93824e+06
4.93824e+06
4.93824e+06
4.93824e+06
4.93824e+06
4.93824e+06
4.93824e+06
4.93824e+06
4.93824e+06
4.93824e+06
4.93824e+06
4.93824e+06
4.93824e+06
4.93824e+06
4.93824e+06
4.93824e+06
4.93824e+06
4.93824e+06
4.93824e+06
4.93824e+06
4.93824e+06
4.93824e+06
4.93824e+06
4.93824e+06
4.93824e+06
4.93824e+06
4.93824e+06
4.93824e+06
4.93824e+06
4.93824e+06
4.93824e+06
4.93824e+06
4.93824e+06
4.93824e+06
4.93824e+06
4.93824e+06
4.93824e+06
4.93824e+06
4.93824e+06
4.93824e+06
4.93824e+06
4.93824e+06
4.93824e+06
4.93824e+06
4.93824e+06
4.93824e+06
4.93824e+06
4.93824e+06
4.93824e+06
4.93824e+06
4.93824e+06
4.93824e+06
4.93824e+06
4.93824e+06
4.93824e+06
4.93824e+06
4.93824e+06
4.93824e+06
4.93824e+06
4.93824e+06
4.93824e+06
4.93824e+06
4.93824e+06
4.93824e+06
4.93824e+06
4.93824e+06
4.93824e+06
4.93824e+06
4.93824e+06
4.93824e+06
4.93824e+06
4.93824e+06
4.93824e+06
4.93824e+06
4.93824e+06
4.93824e+06
4.93824e+06
4.93824e+06
4.93824e+06
4.93824e+06
4.93824e+06
4.93824e+06
4.93824e+06
4.93824e+06
4.93824e+06
4.93824e+06
4.93824e+06
4.93824e+06
4.93824e+06
4.93824e+06
4.93824e+06
4.93824e+06
4.93824e+06
4.93824e+06
4.93824e+06
4.93824e+06
4.93824e+06
4.93824e+06
4.93824e+06
4.93824e+06
4.93824e+06
4.93824e+06
4.93824e+06
4.93824e+06
4.93824e+06
4.93824e+06
4.93824e+06
4.93824e+06
4.93824e+06
4.93824e+06
4.93824e+06
4.93824e+06
4.93824e+06
4.93824e+06
4.93824e+06
4.93824e+06
4.93824e+06
4.93824e+06
4.93824e+06
4.93824e+06
4.93824e+06
4.93824e+06
4.93824e+06
4.93824e+06
4.93824e+06
4.93824e+06
4.93824e+06
4.93824e+06
4.93824e+06
4.93824e+06
4.93824e+06
4.93824e+06
4.93824e+06
4.93824e+06
4.93824e+06
4.93824e+06
4.93824e+06
4.93824e+06
4.93824e+06
4.93824e+06
4.93824e+06
4.93824e+06
4.93824e+06
4.93824e+06
4.93824e+06
4.93824e+06
4.93824e+06
4.93824e+06
4.93824e+06
4.93824e+06
4.93824e+06
4.93824e+06
4.93824e+06
4.93824e+06
4.93824e+06
4.93824e+06
4.93824e+06
4.93824e+06
4.93824e+06
4.93824e+06
4.93824e+06
4.93824e+06
4.93824e+06
4.93824e+06
4.93824e+06
4.93824e+06
4.93824e+06
4.93824e+06
4.93824e+06
4.93824e+06
4.93824e+06
4.93824e+06
4.93824e+06
4.93824e+06
4.93824e+06
4.93824e+06
4.93824e+06
4.93824e+06
4.93824e+06
4.93824e+06
4.93824e+06
4.93824e+06
4.93824e+06
4.93824e+06
4.93824e+06
4.93824e+06
4.93824e+06
4.93824e+06
4.93824e+06
4.93824e+06
4.93824e+06
4.93824e+06
4.93824e+06
4.93824e+06
4.93824e+06
4.93824e+06
4.93824e+06
4.93824e+06
4.93824e+06
4.93824e+06
4.93824e+06
4.93824e+06
4.93824e+06
4.93824e+06
4.93824e+06
4.93824e+06
4.93824e+06
4.93824e+06
4.93824e+06
4.93824e+06
4.93824e+06
4.93824e+06
4.93824e+06
4.93824e+06
4.93824e+06
4.93824e+06
4.93824e+06
4.93824e+06
4.93824e+06
4.93824e+06
4.93824e+06
4.93824e+06
4.93824e+06
4.93824e+06
4.93824e+06
4.93824e+06
4.93824e+06
4.93824e+06
4.93824e+06
4.93824e+06
4.93824e+06
4.93824e+06
4.93824e+06
4.93824e+06
4.93824e+06
4.93824e+06
4.93824e+06
4.93824e+06
4.93824e+06
4.93824e+06
4.93824e+06
4.93824e+06
4.93824e+06
4.93824e+06
4.93824e+06
4.93824e+06
4.93824e+06
4.93824e+06
4.93824e+06
4.93824e+06
4.93824e+06
4.93824e+06
4.93824e+06
4.93824e+06
4.93824e+06
4.93824e+06
4.93824e+06
)
;

boundaryField
{
    inlet
    {
        type            zeroGradient;
    }
    outlet
    {
        type            zeroGradient;
    }
    empty
    {
        type            empty;
    }
}


// ************************************************************************* //
