/*--------------------------------*- C++ -*----------------------------------*\
| =========                 |                                                 |
| \\      /  F ield         | OpenFOAM: The Open Source CFD Toolbox           |
|  \\    /   O peration     | Version:  4.1                                   |
|   \\  /    A nd           | Web:      www.OpenFOAM.org                      |
|    \\/     M anipulation  |                                                 |
\*---------------------------------------------------------------------------*/
FoamFile
{
    version     2.0;
    format      ascii;
    class       volScalarField;
    location    "0";
    object      rho;
}
// * * * * * * * * * * * * * * * * * * * * * * * * * * * * * * * * * * * * * //

dimensions      [1 -3 0 0 0 0 0];

internalField   nonuniform List<scalar> 
1000
(
63.376
63.376
63.376
63.376
63.376
63.376
63.376
63.376
63.376
63.376
63.376
63.376
63.376
63.376
63.376
63.376
63.376
63.376
63.376
63.376
63.376
63.376
63.376
63.376
63.376
63.376
63.376
63.376
63.376
63.376
63.376
63.376
63.376
63.376
63.376
63.376
63.376
63.376
63.376
63.376
63.376
63.376
63.376
63.376
63.376
63.376
63.376
63.376
63.376
63.376
63.376
63.376
63.376
63.376
63.376
63.376
63.376
63.376
63.376
63.376
63.376
63.376
63.376
63.376
63.376
63.376
63.376
63.376
63.376
63.376
63.376
63.376
63.376
63.376
63.376
63.376
63.376
63.376
63.376
63.376
63.376
63.376
63.376
63.376
63.376
63.376
63.376
63.376
63.376
63.376
63.376
63.376
63.376
63.376
63.376
63.376
63.376
63.376
63.376
63.376
63.376
63.376
63.376
63.376
63.376
63.376
63.376
63.376
63.376
63.376
63.376
63.376
63.376
63.376
63.376
63.376
63.376
63.376
63.376
63.376
63.376
63.376
63.376
63.376
63.376
63.376
63.376
63.376
63.376
63.376
63.376
63.376
63.376
63.376
63.376
63.376
63.376
63.376
63.376
63.376
63.376
63.376
63.376
63.376
63.376
63.376
63.376
63.376
63.376
63.376
63.376
63.376
63.376
63.376
63.376
63.376
63.376
63.376
63.376
63.376
63.376
63.376
63.376
63.376
63.376
63.376
63.376
63.376
63.376
63.376
63.376
63.376
63.376
63.376
63.376
63.376
63.376
63.376
63.376
63.376
63.376
63.376
63.376
63.376
63.376
63.376
63.376
63.376
63.376
63.376
63.376
63.376
63.376
63.376
63.376
63.376
63.376
63.376
63.376
63.376
63.376
63.376
63.376
63.376
63.376
63.376
63.376
63.376
63.376
63.376
63.376
63.376
63.376
63.376
63.376
63.376
63.376
63.376
63.376
63.376
63.376
63.376
63.376
63.376
63.376
63.376
63.376
63.376
63.376
63.376
63.376
63.376
63.376
63.376
63.376
63.376
63.376
63.376
63.376
63.376
63.376
63.376
63.376
63.376
63.376
63.376
63.376
63.376
63.376
63.376
63.376
63.376
63.376
63.376
63.376
63.376
63.376
63.376
63.376
63.376
63.376
63.376
63.376
63.376
63.376
63.376
63.376
63.376
63.376
63.376
63.376
63.376
63.376
63.376
63.376
63.376
63.376
63.376
63.376
63.376
63.376
63.376
63.376
63.376
63.376
63.376
63.376
63.376
63.376
63.376
63.376
63.376
63.376
63.376
63.376
63.376
63.376
63.376
63.376
63.376
63.376
63.376
63.376
63.376
63.376
63.376
63.376
63.376
63.376
63.376
63.376
63.376
63.376
63.376
63.376
63.376
63.376
63.376
63.376
63.376
63.376
63.376
63.376
63.376
63.376
63.376
63.376
63.376
63.376
63.376
63.376
63.376
63.376
63.376
63.376
63.376
63.376
63.376
63.376
63.376
63.376
63.376
63.376
63.376
63.376
63.376
63.376
63.376
63.376
63.376
63.376
63.376
63.376
63.376
63.376
63.376
63.376
63.376
63.376
63.376
63.376
63.376
63.376
63.376
63.376
63.376
63.376
63.376
63.376
63.376
63.376
63.376
63.376
63.376
63.376
63.376
63.376
63.376
63.376
63.376
63.376
63.376
63.376
63.376
63.376
63.376
63.376
63.376
63.376
63.376
63.376
63.376
63.376
63.376
63.376
63.376
63.376
63.376
63.376
63.376
63.376
63.376
63.376
63.376
63.376
63.376
63.376
63.376
63.376
63.376
63.376
63.376
63.376
63.376
63.376
63.376
63.376
63.376
63.376
63.376
63.376
63.376
63.376
63.376
63.376
63.376
63.376
63.376
63.376
63.376
63.376
63.376
63.376
63.376
63.376
63.376
63.376
63.376
63.376
63.376
63.376
63.376
63.376
63.376
63.376
63.376
63.376
63.376
63.376
63.376
63.376
63.376
63.376
63.376
63.376
63.376
63.376
63.376
63.376
63.376
63.376
63.376
63.376
63.376
63.376
63.376
63.376
63.376
63.376
63.376
63.376
63.376
63.376
63.376
63.376
63.376
63.376
63.376
63.376
63.376
63.376
63.376
63.376
63.376
63.376
63.376
63.376
63.376
63.376
63.376
63.376
63.376
63.376
63.376
63.376
63.376
63.376
63.376
63.376
63.376
18.579
18.579
18.579
18.579
18.579
18.579
18.579
18.579
18.579
18.579
18.579
18.579
18.579
18.579
18.579
18.579
18.579
18.579
18.579
18.579
18.579
18.579
18.579
18.579
18.579
18.579
18.579
18.579
18.579
18.579
18.579
18.579
18.579
18.579
18.579
18.579
18.579
18.579
18.579
18.579
18.579
18.579
18.579
18.579
18.579
18.579
18.579
18.579
18.579
18.579
18.579
18.579
18.579
18.579
18.579
18.579
18.579
18.579
18.579
18.579
18.579
18.579
18.579
18.579
18.579
18.579
18.579
18.579
18.579
18.579
18.579
18.579
18.579
18.579
18.579
18.579
18.579
18.579
18.579
18.579
18.579
18.579
18.579
18.579
18.579
18.579
18.579
18.579
18.579
18.579
18.579
18.579
18.579
18.579
18.579
18.579
18.579
18.579
18.579
18.579
18.579
18.579
18.579
18.579
18.579
18.579
18.579
18.579
18.579
18.579
18.579
18.579
18.579
18.579
18.579
18.579
18.579
18.579
18.579
18.579
18.579
18.579
18.579
18.579
18.579
18.579
18.579
18.579
18.579
18.579
18.579
18.579
18.579
18.579
18.579
18.579
18.579
18.579
18.579
18.579
18.579
18.579
18.579
18.579
18.579
18.579
18.579
18.579
18.579
18.579
18.579
18.579
18.579
18.579
18.579
18.579
18.579
18.579
18.579
18.579
18.579
18.579
18.579
18.579
18.579
18.579
18.579
18.579
18.579
18.579
18.579
18.579
18.579
18.579
18.579
18.579
18.579
18.579
18.579
18.579
18.579
18.579
18.579
18.579
18.579
18.579
18.579
18.579
18.579
18.579
18.579
18.579
18.579
18.579
18.579
18.579
18.579
18.579
18.579
18.579
18.579
18.579
18.579
18.579
18.579
18.579
18.579
18.579
18.579
18.579
18.579
18.579
18.579
18.579
18.579
18.579
18.579
18.579
18.579
18.579
18.579
18.579
18.579
18.579
18.579
18.579
18.579
18.579
18.579
18.579
18.579
18.579
18.579
18.579
18.579
18.579
18.579
18.579
18.579
18.579
18.579
18.579
18.579
18.579
18.579
18.579
18.579
18.579
18.579
18.579
18.579
18.579
18.579
18.579
18.579
18.579
18.579
18.579
18.579
18.579
18.579
18.579
18.579
18.579
18.579
18.579
18.579
18.579
18.579
18.579
18.579
18.579
18.579
18.579
18.579
18.579
18.579
18.579
18.579
18.579
18.579
18.579
18.579
18.579
18.579
18.579
18.579
18.579
18.579
18.579
18.579
18.579
18.579
18.579
18.579
18.579
18.579
18.579
18.579
18.579
18.579
18.579
18.579
18.579
18.579
18.579
18.579
18.579
18.579
18.579
18.579
18.579
18.579
18.579
18.579
18.579
18.579
18.579
18.579
18.579
18.579
18.579
18.579
18.579
18.579
18.579
18.579
18.579
18.579
18.579
18.579
18.579
18.579
18.579
18.579
18.579
18.579
18.579
18.579
18.579
18.579
18.579
18.579
18.579
18.579
18.579
18.579
18.579
18.579
18.579
18.579
18.579
18.579
18.579
18.579
18.579
18.579
18.579
18.579
18.579
18.579
18.579
18.579
18.579
18.579
18.579
18.579
18.579
18.579
18.579
18.579
18.579
18.579
18.579
18.579
18.579
18.579
18.579
18.579
18.579
18.579
18.579
18.579
18.579
18.579
18.579
18.579
18.579
18.579
18.579
18.579
18.579
18.579
18.579
18.579
18.579
18.579
18.579
18.579
18.579
18.579
18.579
18.579
18.579
18.579
18.579
18.579
18.579
18.579
18.579
18.579
18.579
18.579
18.579
18.579
18.579
18.579
18.579
18.579
18.579
18.579
18.579
18.579
18.579
18.579
18.579
18.579
18.579
18.579
18.579
18.579
18.579
18.579
18.579
18.579
18.579
18.579
18.579
18.579
18.579
18.579
18.579
18.579
18.579
18.579
18.579
18.579
18.579
18.579
18.579
18.579
18.579
18.579
18.579
18.579
18.579
18.579
18.579
18.579
18.579
18.579
18.579
18.579
18.579
18.579
18.579
18.579
18.579
18.579
18.579
18.579
18.579
18.579
18.579
18.579
18.579
18.579
18.579
18.579
18.579
18.579
18.579
18.579
18.579
18.579
18.579
18.579
18.579
18.579
18.579
18.579
18.579
18.579
18.579
18.579
18.579
18.579
18.579
18.579
18.579
)
;

boundaryField
{
    inlet
    {
        type            zeroGradient;
    }
    outlet
    {
        type            zeroGradient;
    }
    empty
    {
        type            empty;
    }
}


// ************************************************************************* //
